178946
225749
71219
124325
212142
128979
27262
73237
274209
234853
121108
309833
836
14354
89695
254836
195062
187410
216818
127260
41416
296797
175381
134468
107011
241016
283247
29739
17328
85398
252096
196274
311147
105427
102711
305401
234407
129974
61558
290728
47747
281859
283481
48583
78325
155288
303420
273388
124810
302350
182760
166226
282068
41061
82806
171191
64189
48974
300122
81517
134372
17251
59903
227631
122678
162615
215952
40005
292589
59623
112845
122448
123594
79246
270224
201919
16646
256564
158227
141456
23946
123100
89794
88126
164161
172601
41429
228351
221575
24472
91980
138059
41723
151884
48610
263593
96611
46674
85711
171312
106297
198556
293760
229891
59915
246904
213923
76561
285580
55070
130
309527
178170
89924
179765
124444
262525
221195
134907
266212
245667
226887
186383
69502
160883
234993
115207
257494
281668
200918
210918
170077
181587
187599
182081
241502
216615
78924
983
284308
233186
1113
58867
94277
190230
238632
833
234867
142747
135740
283192
170526
144739
152495
22140
305623
70409
137348
28149
134189
120378
239068
304266
301965
208779
169267
226387
108314
248191
9483
75542
164298
109788
233601
40687
300018
155154
41520
316998
297901
276452
283110
250540
104111
118525
272680
191846
288126
192140
219996
105235
312519
241176
191614
79516
132875
43801
88016
23301
74105
97499
198036
20515
306479
114557
160394
71530
269711
301106
71448
32645
260478
37478
283185
146701
255195
20897
21468
226242
312230
241464
113589
89781
165560
305203
169297
298435
31925
257313
4656
205222
136924
202692
7849
225516
99362
168243
297046
51993
152269
51414
183830
194859
188084
249127
24480
225391
270025
45948
233745
47287
69524
30255
137068
17196
18378
306365
97743
149495
28711
102400
37637
165635
87204
144678
74071
285758
312921
153229
20672
247302
303835
303694
125081
274031
235742
248754
182343
287879
294702
99008
18086
146339
228455
155154
163535
246834
243631
261279
178441
272342
145791
315271
220090
15107
142869
76273
300866
138711
229503
103650
68933
315450
90264
293207
272402
8926
224881
236857
296805
301695
117977
97003
130954
29353
252157
294490
58299
178709
238689
236740
233163
67400
234931
136173
82507
60721
311639
66293
199432
6174
169943
50477
4544
260208
125796
59058
51246
33597
295915
130164
18213
196005
227167
149167
225358
261437
225769
283657
222258
147378
203317
138341
214778
121169
56627
79398
281082
150378
145691
262626
156552
97747
313103
260288
140067
121820
2267
290505
254609
80294
103589
54934
276299
112869
204102
283769
156418
112791
250346
61596
42282
235776
299129
39172
139057
137868
118570
103059
288246
46374
48605
226910
144121
143820
170119
66300
47752
271578
39725
84474
133984
143315
139408
192396
38296
125622
159085
194714
20526
191544
256310
62808
110240
20471
101980
31409
158340
220551
233660
228698
266925
64377
138529
193158
208197
90760
259458
38062
144450
299183
122536
278434
224610
44056
252942
262906
169679
94948
140540
190205
286492
178962
253013
178844
199434
137105
309445
139886
40576
226025
51504
89613
290402
289225
282771
280711
62905
225149
100885
306547
306445
5533
267902
213975
49590
203764
258994
1381
80824
181646
191586
149428
43529
226711
110384
25075
46736
102749
264153
186505
110886
315657
276118
183400
69915
23922
246224
132820
31183
30029
122288
20548
134755
172302
16636
283537
158178
275630
284918
239003
140196
258616
170543
282917
168247
280928
90104
314175
165789
37177
183600
58788
134947
142639
242188
204862
166561
171332
20602
197744
300554
242082
405
217421
196496
17041
183878
37595
74783
250908
58710
314171
192444
11365
280009
43611
74405
53033
40706
240195
189403
6419
298983
7270
149058
6203
212132
97731
276728
14846
77587
42314
39041
177184
259735
235537
194225
225725
55244
51120
159553
213146
48212
34917
224512
110333
177720
298917
262558
538
4144
134881
6957
85239
241343
255207
91443
136395
135050
150283
250434
212638
192597
289475
72742
234444
307124
49080
242281
45289
199392
84754
40547
247604
218863
265059
140049
178695
29009
85528
278425
33153
220409
67495
217585
144673
5622
309028
63180
239865
241423
313614
135423
216132
68121
307357
133496
58166
138549
157889
202647
20862
242643
243194
50578
243618
191174
190628
204425
2295
58268
264962
35448
278677
15377
35145
205462
120192
27093
50755
42977
50628
47289
178400
266760
115411
267869
182368
272769
188531
23177
158336
308585
47932
84450
42083
73662
57736
14823
278087
60031
73091
225970
194672
133881
241347
229817
121455
44459
39023
172210
186628
89651
219500
47948
138524
117023
97930
3812
171904
286461
26990
13160
60078
74922
196802
201353
148585
254539
216177
208784
314570
71380
216866
291354
304453
240326
204092
108829
284785
25227
281039
253526
114878
282651
301474
253402
181786
181516
39327
36610
250089
66317
148962
310167
240431
28685
194441
171128
283224
192730
62833
62826
264110
279699
136293
251484
202945
23305
142425
269843
48532
106384
206289
262602
171148
289875
298117
35854
253504
20364
72465
186513
185873
221427
278793
109224
32224
156154
280353
97560
31804
125298
160387
78026
187109
296680
111622
172167
102097
254047
224122
249821
142544
212523
294535
313692
284510
275572
32466
220934
78048
204123
189560
263921
207663
151273
155258
239887
307427
217723
20368
121343
25941
279947
298561
312242
259547
93104
167329
143756
129263
173563
76497
271807
69006
153144
268419
36437
111637
82998
257371
189685
287121
229043
235719
177704
63236
73897
199704
152775
291620
220072
274118
99673
182939
255600
94835
224598
130816
44277
150466
260079
217840
9075
214807
286847
162219
265338
105396
273856
31256
144879
245654
100490
56843
164293
60306
120079
20302
260010
272855
311922
262194
12005
94515
128053
49717
288542
134763
180533
15739
285229
123533
233580
294304
120452
302539
238636
167902
90855
294604
298351
235734
223178
81761
74689
169583
142067
194769
289077
184190
249736
66031
129304
261741
160546
39470
311459
231201
174233
274104
246940
241575
80557
262632
911
300201
248091
239547
151024
121058
217072
132295
138905
222362
313248
213594
174058
237427
91283
245247
104537
123131
311279
15954
67793
253937
55424
161364
168058
11769
118388
197111
253344
298138
142663
36368
281259
172867
58027
214395
76037
275099
128802
214942
279574
224162
111457
235744
144510
301932
163911
31159
207176
158110
47113
57081
94968
201729
218445
45138
213499
118945
242249
248955
100003
167025
67435
163375
22812
125463
159882
198041
182674
70797
95904
145168
294959
306553
163024
122389
73517
9856
252741
280693
267158
81966
20694
144238
65808
21251
189377
279307
140197
213738
310374
22312
63683
60730
284879
185687
285385
226874
66649
150979
297671
162553
78260
275550
251218
241284
180052
7655
33252
214905
288349
82523
296871
